FID   POINT_X1          POINT_X2          POINT_Y1          POINT_Y2          X_Diff.           Y_Diff.           XY_Diff.          Ratio_to_RMS     
0     28662.809         28662.809         2143569.92        2143569.92        0.0               0.0               0.0               0.00             
1     32611.859         32614.1741088     2145534.048       2145533.38654     -2.3151088        0.6614600001      2.4077495899      0.85             
2     207585.743        207587.107542     2139160.309       2139160.69887     -1.364542         -0.3898700001     1.4191453367      0.50             
3     207406.53         207406.66734      2137055.105       2137052.3582      -0.13734          2.7467999998      2.7502313565      0.97             
4     207677.016        207677.280584     2139531.246       2139530.18766     -0.264584         1.05834           1.0909116594      0.38             
5     209493.088        209492.804459     2108372.979       2108371.63218     0.283541          1.3468199996      1.3763428388      0.49             
6     208951.065        208951.901086     2109145.759       2109143.25074     -0.836086         2.50826           2.6439379771      0.93             
7     208440.276        208441.312697     2111805.861       2111802.31895     -1.036697         3.5420499998      3.6906447771      1.30             
8     216012.707        216013.088285     2173976.989       2173972.28648     -0.381285         4.7025200003      4.7179521622      1.66             
9     215793.772        215796.126998     2176490.09        2176487.264       -2.354998         2.8259999999      3.6786263169      1.30             
10    215974.744        215975.858165     2174147.846       2174144.87489     -1.114165         2.9711099998      3.1731464319      1.12             
11    102131.557        102135.869927     2165257.857       2165253.83648     -4.312927         4.0205199998      5.8962632553      2.08             
12    110881.896        110880.196414     2157514.101       2157513.81774     1.699586          0.2832599999      1.7230289606      0.61             
13    207210.177        207207.875708     2261174.998       2261171.00102     2.301292          3.9969800003      4.6121355132      1.63             
14    208667.609        208667.339857     2261049.568       2261045.97943     0.269143          3.5885700001      3.5986487186      1.27             
15    207903.748        207901.878954     2260263.437       2260261.9833      1.869046          1.4537            2.3678210743      0.84             
16    418707.081        418710.385473     2029548.375       2029544.24441     -3.304473         4.13059           5.2897368135      1.87             
17    417919.348        417921.607333     2030105.224       2030101.27017     -2.259333         3.95383           4.5538288586      1.61             
18    417982.8          417984.268566     2030099.366       2030098.12337     -1.468566         1.24263           1.9237503511      0.68             
19    399014.966        399012.338122     2269741.533       2269741.82499     2.627878          -0.2919900003     2.6440501022      0.93             
20    399700.073        399697.962224     2269842.493       2269842.36507     2.110776          0.12793           2.1146492397      0.75             
21    399747.606        399747.052209     2270104.126       2270102.74152     0.553791          1.38448           1.491130223       0.53             
22    22187.194         22189.5101016     2145218.109       2145221.20757     -2.3161016        -3.0985699999     3.868522026       1.36             
23    22335.12          22335.12          2145247.518       2145246.35383     0.0               1.1641700002      1.1641700002      0.41             
24    22329.66          22330.8008151     2145368.037       2145367.61539     -1.1408151        0.4216100001      1.2162294539      0.43             
25    269227.18         269228.265085     2254481.535       2254481.13523     -1.085085         0.39977           1.1563846722      0.41             
26    267974.9          267974.698648     2253541.364       2253540.39751     0.201352          0.96649           0.9872413828      0.35             
27    269305.506        269303.452216     2253953.993       2253952.53548     2.053784          1.4575199997      2.5184108617      0.89             
28    265127.57         265128.636048     2248127.85        2248126.15401     -1.066048         1.6959899999      2.0032075325      0.71             
29    267012.416        267012.997481     2247032.647       2247030.03034     -0.581481         2.6166599998      2.6804905722      0.95             
30    267116.809        267119.341214     2246891.576       2246889.32514     -2.532214         2.25086           3.3879903308      1.19             
31    489947.82         489946.146166     2237721.398       2237720.75422     1.673834          0.64378           1.7933691611      0.63             
32    489037.499        489035.564192     2238690.473       2238689.54429     1.934808          0.9287100001      2.1461556936      0.76             
33    487374.564        487375.54781      2239500.563       2239499.00962     -0.98381          1.5533799999      1.8387146435      0.65             
34    484654.674        484652.292745     2241748.512       2241747.98283     2.381255          0.52917           2.4393434084      0.86             
35    509634.307        509633.60147      2235771.778       2235770.26615     0.70553           1.5118499999      1.6683713625      0.59             
36    507090.424        507088.443435     2236517.145       2236516.12471     1.980565          1.0202899999      2.2279204212      0.79             
37    505189.424        505187.009816     2237282.916       2237282.72287     2.414184          0.19313           2.4218966912      0.85             
38    500545.927        500545.927        2238015.322       2238015.322       0.0               0.0               0.0               0.00             
39    342704.493        342705.452443     2246495.934       2246494.78267     -0.959443         1.1513299998      1.4986966467      0.53             
40    341159.814        341159.631803     2246021.884       2246020.42642     0.182197          1.4575800002      1.4689231443      0.52             
41    336784.919        336785.278551     2246113.717       2246111.41588     -0.359551         2.30112           2.3290406128      0.82             
42    337618.81         337618.238487     2246570.982       2246567.17192     0.571513          3.8100799997      3.8527051163      1.36             
43    213003.152176     213003.792635     2255625.85477     2255622.80639     -0.640459         3.0483800001      3.1149331222      1.10             
44    213777.894394     213778.609566     2256426.88907     2256422.59239     -0.715172         4.2966800001      4.3557926963      1.54             

                                                            Sum of Sq. Diff.  122.049664332     239.794343894     361.844008226    
                                                            n = 45                                               
                                                            RMS in X,Y        1.64688031226     2.3084114013     
                                                            RMS               2.83566182056    
                                                            Average Error     2.5178275802     

Control 1 point shapefile : \\Fs01\dsan11\J-UAK2-11-001\QC\Geometric\accuracy\NM2_20110408_CheckPoints.shp
Control 2 point shapefile : \\Fs01\dsan11\J-UAK2-11-001\QC\Geometric\accuracy\NM2_20110408_CheckPoints_Adjusted.shp
Control 1 id field        : FID
Control 2 id field        : FID
Projection for RMS        : NAD_1983_CORS96_Alaska_Albers
No. of excluded points    : 0
