FID   POINT_X1          POINT_X2          POINT_Y1          POINT_Y2          X_Diff.           Y_Diff.           XY_Diff.          Ratio_to_RMS     
0     -498326.919       -498332.539259    1659380.972       1659376.67416     5.620259          4.2978400001      7.0752201304      0.64             
1     -430733.904       -430736.172159    1654031.165       1654031.165       2.268159          0.0               2.268159          0.20             
2     -430490.904       -430498.907052    1656203.735       1656204.29335     8.003052          -0.5583499998     8.0225055959      0.72             
3     -432448.513       -432449.998513    1656325.092       1656329.15554     1.4855130001      -4.06354          4.3265582401      0.39             
4     -394235.071       -394230.083611    1652788.308       1652793.711       -4.987389         -5.4029999999     7.3529897345      0.66             
5     -394464.266       -394512.552555    1653153.017       1653148.38678     48.286555         4.6302199999      48.5080439826     4.37             
6     -393712.327       -393714.046795    1652797.085       1652793.55281     1.719795          3.5321899999      3.9286207551      0.35             
7     -217912.167       -217909.787508    1347955.997       1347954.21125     -2.379492         1.78575           2.9750437376      0.27             
8     -217063.76        -217057.911975    1349842.596       1349835.8828      -5.848025         6.7131999999      8.9031708194      0.80             
9     -217085.753       -217081.358136    1350006.258       1350004.97053     -4.394864         1.2874699999      4.5795642346      0.41             
10    -340583.084       -340581.744283    1442755.096       1442754.93912     -1.339717         0.1568799999      1.3488709999      0.12             
11    -341065.046       -341069.217699    1445146.205       1445140.69798     4.171699          5.5070200001      6.9087149187      0.62             
12    -247948.449       -247946.126251    1474164.372       1474162.33959     -2.322749         2.03241           3.0863981151      0.28             
13    -249348.827       -249345.519702    1474362.241       1474366.20976     -3.307298         -3.9687600001     5.1661664703      0.47             
14    -247741.619       -247737.625083    1475279.825       1475275.83108     -3.993917         3.99392           5.6482537097      0.51             
15    -124744.167       -124738.968678    1424294.792       1424296.32521     -5.198322         -1.53321          5.4197125865      0.49             
16    -124790.408       -124788.155108    1425413.287       1425415.8215      -2.252892         -2.5345000001     3.3910488959      0.31             
17    -124649.447       -124649.361634    1426301.16        1426302.50076     -0.085366         -1.3407600001     1.343474872       0.12             
18    -228388.655       -228385.483881    1603445.577       1603449.22388     -3.171119         -3.6468799999     4.8327765773      0.44             
19    -228558.237       -228557.596382    1605208.491       1605210.45542     -0.640618         -1.9644200001     2.0662374885      0.19             
20    -228599.092       -228600.11196     1604843.405       1604841.03854     1.01996           2.3664599999      2.5769073194      0.23             
21    -425656.224       -425654.368867    1397333.526       1397332.00816     -1.855133         1.5178400001      2.396947374       0.22             
22    -427419.828       -427410.787316    1395986.292       1395985.19616     -9.040684         1.0958399998      9.1068563452      0.82             
23    -428686.043       -428685.371447    1396486.886       1396488.76635     -0.671553         -1.88035          1.9966721199      0.18             

                                                            Sum of Sq. Diff.  2702.30799857     254.87310622      2957.18110479    
                                                            n = 24                                               
                                                            RMS in X,Y        10.6111340868     3.25879007596    
                                                            RMS               11.1002648332    
                                                            Average Error     6.38453808428    

Control 1 point shapefile : CM1_20110525_CheckPoints
Control 2 point shapefile : CM1_20110525_CheckPoints_Adjusted
Control 1 id field        : New_Name
Control 2 id field        : New_Name
Projection for RMS        : NAD_1983_CORS96_Alaska_Albers
No. of excluded points    : 0
