FID   POINT_X1          POINT_X2          POINT_Y1          POINT_Y2          X_Diff.           Y_Diff.           XY_Diff.          Ratio_to_RMS     
0     181877.902        181886.312569     1729971.055       1729971.35538     -8.410569         -0.3003800001     8.4159312645      3.50             
1     213349.231        213349.231        1686676.653       1686676.653       0.0               0.0               0.0               0.00             
2     215397.832        215400.456668     1684425.307       1684425.307       -2.624668         0.0               2.624668          1.09             
3     210463.384        210463.625901     1681376.774       1681377.13685     -0.241901         -0.3628499999     0.4360919814      0.18             
4     212103.755        212103.755        1705250.302       1705250.302       0.0               0.0               0.0               0.00             
5     223731.988        223733.852192     1617129.207       1617129.97461     -1.864192         -0.76761          2.0160448718      0.84             
6     222853.677        222854.989334     1616091.555       1616093.85158     -1.312334         -2.2965800001     2.645089833       1.10             
7     222228.839        222229.320427     1616556.079       1616555.71793     -0.481427         0.3610699999      0.6017835999      0.25             
8     249347.458        249349.153161     1737664.597       1737666.328       -1.695161         -1.7309999999     2.4227942165      1.01             
9     257252.551        257253.267654     1744399.318       1744399.46133     -0.716654         -0.1433300001     0.7308463892      0.30             
10    256158.015        256158.199341     1743192.216       1743191.93949     -0.184341         0.27651           0.3323242158      0.14             
11    252559.282        252558.479622     1740224.016       1740224.37261     0.802378          -0.3566099999     0.8780553211      0.37             
12    254009.232        254009.97204      1752421.319       1752421.56568     -0.74004          -0.2466800001     0.7800706532      0.32             
13    277941.423        277945.778062     1620364.554       1620365.17615     -4.355062         -0.62215          4.3992767185      1.83             
14    276328.286        276330.966252     1620768.64        1620767.21053     -2.680252         1.4294699999      3.03762           1.26             
15    262815.563        262816.544164     1659325.563       1659325.563       -0.981164         0.0               0.981164          0.41             
16    264305.23         264305.854072     1660726.775       1660726.775       -0.624072         0.0               0.624072          0.26             
17    266883.615        266883.689523     1732560.841       1732560.54291     -0.074523         0.2980899999      0.3072642602      0.13             
18    279966.236        279966.15319      1830566.822       1830565.33143     0.08281           1.4905699999      1.4928685209      0.62             
19    278844.119        278842.645367     1830173.094       1830173.46241     1.473633          -0.3684099999     1.5189865525      0.63             
20    281090.763        281093.375667     1655085.636       1655084.37805     -2.612667         1.25795           2.8997356872      1.21             
21    290794.78         290795.021331     1663956.186       1663955.30112     -0.241331         0.88488           0.9171985968      0.38             
22    290877.403        290877.754812     1697825.822       1697823.35932     -0.351812         2.4626799999      2.4876825491      1.03             
23    298477.5          298477.380535     1689032.154       1689028.33111     0.119465          3.8228900002      3.8247561804      1.59             
24    298692.374        298692.913205     1688351.813       1688350.62675     -0.539205         1.18625           1.3030468505      0.54             
25    286482.503        286482.503        1727275.737       1727275.737       0.0               0.0               0.0               0.00             
26    286089.4          286089.646886     1728080.43        1728078.94869     -0.246886         1.4813099999      1.5017429916      0.62             
27    285800.898        285803.143013     1729694.008       1729692.41477     -2.245013         1.59323           2.7529012338      1.15             
28    339047.167        339048.984078     1629928.339       1629924.70484     -1.817078         3.6341599999      4.063113506       1.69             
29    337179.892        337178.82422      1630186.573       1630183.47644     1.06778           3.09656           3.2754904918      1.36             
30    336970.273        336968.510237     1630357.857       1630355.36839     1.762763          2.4886100001      3.0496742657      1.27             
31    324423.876        324423.921777     1770028.524       1770027.10492     -0.045777         1.4190799999      1.4198181503      0.59             
32    324192.586        324190.541479     1769760.153       1769759.92154     2.044521          0.2314599999      2.0575810679      0.86             
33    325163.087        325163.509174     1770668.3         1770667.31493     -0.422174         0.9850699999      1.0717246806      0.45             
34    324658.33         324659.043821     1770735.004       1770734.14741     -0.713821         0.85659           1.1150277342      0.46             
35    396282.788        396282.788        1567986.015       1567985.60455     0.0               0.4104499999      0.4104499999      0.17             
36    397358.251        397358.110138     1568082.62        1568081.77483     0.140862          0.8451700001      0.8568281229      0.36             
37    396145.9          396145.9          1564629.177       1564627.07655     0.0               2.1004499998      2.1004499998      0.87             
38    396199.981        396198.740537     1568523.845       1568523.91797     1.240463          -0.0729700001     1.2426073697      0.52             

                                                            Sum of Sq. Diff.  143.805232963     81.6190179069     225.42425087     
                                                            n = 39                                               
                                                            RMS in X,Y        1.92023791904     1.44664969186    
                                                            RMS               2.40418572425    
                                                            Average Error     1.81012261222    

Control 1 point shapefile : CM3_Pilot_Checkpoints_Usable
Control 2 point shapefile : CM3_Pilot_CheckPoints_Adjusted
Control 1 id field        : New_Name
Control 2 id field        : New_Name
Projection for RMS        : NAD_1983_CORS96_Alaska_Albers
No. of excluded points    : 0
