FID   POINT_X1          POINT_X2          POINT_Y1          POINT_Y2          X_Diff.           Y_Diff.           XY_Diff.          Ratio_to_RMS     
0     133307.059        133306.278809     1387074.774       1387078.84214     0.780191          -4.0681400001     4.1422772791      1.25             
1     130933.488        130931.418186     1386280.01        1386283.496       2.069814          -3.486            4.0541738979      1.23             
2     159944.313        159944.562097     1519571.152       1519573.10867     -0.249097         -1.95667          1.9724621173      0.60             
3     161355.942        161358.334792     1519659.871       1519654.81955     -2.392792         5.0514500001      5.5895080874      1.69             
4     163721.544        163724.078023     1520418.341       1520416.56718     -2.534023         1.77382           3.0931715046      0.94             
5     194059.51         194059.51         1368599.272       1368599.272       0.0               0.0               0.0               0.00             
6     193505.9          193505.9          1376799.296       1376799.296       0.0               0.0               0.0               0.00             
7     195336.887        195336.887        1376817.598       1376817.598       0.0               0.0               0.0               0.00             
8     192156.397        192156.441495     1398401.895       1398403.65244     -0.044495         -1.7574400001     1.7580031738      0.53             
9     191051.989        191051.989        1398022.703       1398022.703       0.0               0.0               0.0               0.00             
10    196471.536        196473.383681     1511622.955       1511623.74686     -1.847681         -0.79186          2.010215744       0.61             
11    196832.17         196832.772815     1511621.1         1511622.03771     -0.602815         -0.93771          1.1147582556      0.34             
12    196309.894        196306.640939     1511620.962       1511618.25112     3.253061          2.7108800001      4.2345337695      1.28             
13    194567.698356     194565.428839     1376853.35591     1376854.79048     2.269517          -1.43457          2.6849019532      0.81             
14    197380.07928      197385.283103     1376846.93619     1376844.00748     -5.203823         2.9287100001      5.9713579762      1.81             
15    237286.147338     237290.363904     1568649.78797     1568646.74775     -4.216566         3.0402199998      5.1983041927      1.57             

                                                            Sum of Sq. Diff.  81.473210164      93.0161800746     174.489390239    
                                                            n = 16                                               
                                                            RMS in X,Y        2.25656279222     2.41112240557    
                                                            RMS               3.30236080553    
                                                            Average Error     2.61397924696    

Control 1 point shapefile : \\Fs01\dsan11\J-UAK2-11-001\QC\Geometric\accuracy\CM3_South_Checkpoints.shp
Control 2 point shapefile : \\Fs01\dsan11\J-UAK2-11-001\QC\Geometric\accuracy\CM3_South_Checkpoints_Adjusted.shp
Control 1 id field        : FID
Control 2 id field        : FID
Projection for RMS        : NAD_1983_CORS96_Alaska_Albers
No. of excluded points    : 0
