FID   POINT_X1          POINT_X2          POINT_Y1          POINT_Y2          X_Diff.           Y_Diff.           XY_Diff.          Ratio_to_RMS     
0     -40550.155        -40541.4237325    2312510.015       2312510.015       -8.7312675        0.0               8.7312675         1.99             
1     -42923.891        -42925.4785032    2305228.618       2305230.99925     1.5875032         -2.3812500001     2.8619081         0.65             
2     -49252.958        -49261.3277568    2308760.598       2308753.46821     8.3697568         7.1297900002      10.9948503554     2.50             
3     -25211.8          -25205.4499873    2331883.435       2331889.36168     -6.3500127        -5.92668          8.6860921658      1.98             
4     -30679.333        -30678.161637     2328906.579       2328909.31218     -1.171363         -2.73318          2.9736113045      0.68             
5     -27198.102        -27198.102        2327576.457       2327576.457       0.0               0.0               0.0               0.00             
6     -130225.276       -130225.805168    2168258.868       2168256.22216     0.529168          2.6458399999      2.6982379579      0.61             
7     -128801.91        -128801.91        2167631.986       2167631.986       0.0               0.0               0.0               0.00             
8     51867.308         51869.168779      2318009.844       2318007.29767     -1.860779         2.5463299998      3.1537747153      0.72             
9     50791.106         50795.5459264     2315539.616       2315542.08263     -4.4399264        -2.4666300002     5.0790953914      1.16             
10    -165891.485       -165891.16057     2226811.13        2226811.77886     -0.32443          -0.6488600001     0.725447534       0.17             
11    -167401.756       -167403.956896    2224014.057       2224015.00024     2.200896          -0.9432399999     2.3945030591      0.55             
12    -446612.013       -446606.403822    2010951.316       2010953.37975     -5.609178         -2.06375          5.9767835746      1.36             
13    -447446.766       -447445.006258    2010196.071       2010194.95116     -1.759742         1.1198400001      2.085841205       0.47             
14    -446373.921       -446374.540025    2010772.899       2010773.51802     0.619025          -0.6190200001     0.875430015       0.20             
15    -227519.887       -227518.022669    2305233.659       2305233.659       -1.864331         0.0               1.864331          0.42             
16    -227119.893       -227115.992678    2305446.818       2305444.62407     -3.900322         2.1939300001      4.4750240836      1.02             
17    -226959.0         -226954.882993    2304709.026       2304707.15463     -4.117007         1.8713700003      4.5223635763      1.03             
18    -423020.776       -423018.087142    1940476.469       1940477.23725     -2.688858         -0.76825          2.7964558653      0.64             
19    -419980.032       -419978.577556    1946272.147       1946273.60144     -1.454444         -1.45444          2.0568916021      0.47             
20    -418190.082       -418190.082       1946671.112       1946671.112       0.0               0.0               0.0               0.00             
21    -384148.053       -384148.831269    1982926.83        1982924.10606     0.778269          2.7239400002      2.8329404796      0.64             
22    -383897.898       -383897.898       1981264.209       1981264.209       0.0               0.0               0.0               0.00             

                                                            Sum of Sq. Diff.  299.439259192     144.316414946     443.755674137    
                                                            n = 23                                               
                                                            RMS in X,Y        3.60819875086     2.50492050508    
                                                            RMS               4.39246228925    
                                                            Average Error     3.29499345587    

Control 1 point shapefile : \\Fs01\DSAN11\J-UAK2-11-001\QC\Geometric\accuracy\NM1_20110517_Checkpoints.shp
Control 2 point shapefile : \\Fs01\DSAN11\J-UAK2-11-001\QC\Geometric\accuracy\NM1_20110517_Checkpoints_Adjusted.shp
Control 1 id field        : ID
Control 2 id field        : ID
Projection for RMS        : NAD_1983_CORS96_Alaska_Albers
No. of excluded points    : 0
