FID   POINT_X1          POINT_X2          POINT_Y1          POINT_Y2          X_Diff.           Y_Diff.           XY_Diff.          Ratio_to_RMS     
0     -243607.231       -243606.208574    800294.368        800294.191107     -1.022426         0.176893          1.0376155641      0.32             
1     -240895.328       -240890.989873    797512.108        797510.221858     -4.338127         1.886142          4.7304204372      1.44             
2     -238094.056       -238089.784805    799002.929        799001.26798      -4.271195         1.66102           4.5828041818      1.39             
3     -196975.026       -196973.471285    866704.765        866699.861668     -1.554715         4.903332          5.1439093532      1.56             
4     -190663.867       -190659.633658    862536.005        862532.300826     -4.233342         3.704174          5.6251301773      1.71             
5     -190631.494       -190626.770627    864403.785        864402.513323     -4.723373         1.271677          4.891565689       1.49             
6     -176041.746       -176038.938401    913303.593        913301.075842     -2.807599         2.517158          3.7707686937      1.14             
7     -175703.365       -175701.200928    913058.087        913059.818258     -2.164072         -1.7312579999     2.7713646248      0.84             
8     -177938.8         -177935.532536    914350.579        914346.350517     -3.267464         4.2284830001      5.3438178743      1.62             
9     -256991.983       -256992.894568    1015094.497       1015091.37162     0.911568          3.12538           3.25560384        0.99             
10    -257059.669       -257059.213182    1014666.709       1014663.51828     -0.455818         3.1907200001      3.2231140483      0.98             
11    -256203.068       -256198.204803    1013867.336       1013864.67745     -4.863197         2.6585500001      5.5424338664      1.68             
12    -108488.926       -108488.838619    1036405.777       1036407.1751      -0.087381         -1.3981           1.400827987       0.43             
13    -108306.796       -108307.321312    1037415.308       1037412.98162     0.525312          2.32638           2.3849521173      0.72             
14    -107507.152       -107507.872408    1038086.339       1038086.21893     0.720408          0.1200700001      0.7303454603      0.22             
15    -80885.268        -80883.3089451    1125422.364       1125422.364       -1.9590549        0.0               1.9590549         0.59             
16    -82021.465        -82020.8046859    1123629.219       1123627.65075     -0.6603141        1.56825           1.7015941858      0.52             
17    -276800.549       -276800.728675    954640.828        954639.660114     0.179675          1.167886          1.1816263431      0.36             
18    -422893.36        -422892.993247    1218030.139       1218033.80653     -0.366753         -3.66753          3.6858220337      1.12             
19    -421540.84        -421542.073142    1219969.439       1219966.97272     1.233142          2.4662800001      2.7573857603      0.84             
20    -421887.441       -421889.065178    1219852.598       1219852.92284     1.624178          -0.3248399999     1.656343926       0.50             
21    -441655.198       -441654.984419    1163138.573       1163138.58281     -0.213581         -0.00981          0.2138061731      0.06             
22    -442172.35        -442171.165922    1163293.357       1163293.357       -1.184078         0.0               1.184078          0.36             
23    -442412.037       -442412.314944    1163459.228       1163459.10168     0.277944          0.1263199998      0.3053024885      0.09             
24    -103198.712       -103197.124497    951880.084        951882.306504     -1.587503         -2.2225039999     2.7312432709      0.83             
25    -103263.414       -103260.845298    952356.103        952354.247826     -2.568702         1.855174          3.1685802081      0.96             
26    -103942.415       -103940.253452    952000.95         952000.381172     -2.161548         0.568828          2.2351409463      0.68             

                                                            Sum of Sq. Diff.  153.405402113     139.522689171     292.928091284    
                                                            n = 27                                               
                                                            RMS in X,Y        2.38362781485     2.27321512539    
                                                            RMS               3.29381064514    
                                                            Average Error     2.8598019315     

Control 1 point shapefile : SM1_20110525_Checkpoints
Control 2 point shapefile : SM1_20110525_CheckPoints_Adjusted
Control 1 id field        : New_Name
Control 2 id field        : New_Name
Projection for RMS        : NAD_1983_CORS96_Alaska_Albers
No. of excluded points    : 0
