FID   POINT_X1          POINT_X2          POINT_Y1          POINT_Y2          X_Diff.           Y_Diff.           XY_Diff.          Ratio_to_RMS     
0     587374.791        587373.838498     1327165.44        1327172.58376     0.9525019999      -7.1437600001     7.2069804356      1.94             
1     587336.44         587339.193214     1327275.958       1327273.60967     -2.753214         2.3483300002      3.6186794718      0.97             
2     587448.294        587445.058992     1327193.74        1327195.66352     3.235008          -1.92352          3.7636692137      1.01             
3     543622.685        543622.685        1197360.507       1197360.507       0.0               0.0               0.0               0.00             
4     544072.34         544072.869168     1197223.77        1197221.38875     -0.529168         2.3812500001      2.4393380937      0.66             
5     562219.763        562222.000948     1155853.095       1155848.6191      -2.237948         4.4759            5.0042074358      1.35             
6     554534.785        554534.785        1178839.538       1178839.538       0.0               0.0               0.0               0.00             
7     556356.782        556361.932714     1180981.237       1180977.17065     -5.150714         4.06635           6.5623972017      1.76             
8     558738.965        558740.697455     1154181.7         1154179.36785     -1.732455         2.3321499999      2.9052235627      0.78             
9     559868.073        559869.466142     1153994.917       1153993.11108     -1.3931420001     1.80592           2.2808313569      0.61             
10    405409.798        405411.597599     1217174.263       1217173.15555     -1.799599         1.10745           2.1130551491      0.57             
11    407042.003        407044.106562     1211966.953       1211967.11481     -2.103562         -0.16181          2.1097761881      0.57             
12    408216.728        408220.794022     1211681.718       1211681.05865     -4.066022         0.6593500001      4.1191355073      1.11             
13    370884.579        370887.163081     1117618.711       1117616.20522     -2.5840809999     2.50578           3.5995010797      0.97             
14    363604.05         363605.321046     1116808.657       1116808.27569     -1.271046         0.3813099999      1.3270098907      0.36             

                                                            Sum of Sq. Diff.  88.2023509432     119.299096409     207.501447352    
                                                            n = 15                                               
                                                            RMS in X,Y        2.42490344747     2.82015479964    
                                                            RMS               3.71933190553    
                                                            Average Error     3.13665363912    

Control 1 point shapefile : \\Fs01\DSAN11\J-UAK2-11-001\QC\Geometric\accuracy\SM2_East_20110517_Checkpoints.shp
Control 2 point shapefile : \\Fs01\DSAN11\J-UAK2-11-001\QC\Geometric\accuracy\SM2_East_20110517_Checkpoints_Adjusted.shp
Control 1 id field        : ID
Control 2 id field        : ID
Projection for RMS        : NAD_1983_CORS96_Alaska_Albers
No. of excluded points    : 0
