FID   POINT_X1          POINT_X2          POINT_Y1          POINT_Y2          X_Diff.           Y_Diff.           XY_Diff.          Ratio_to_RMS     
0     118513.253        118515.737118     1039037.664       1039034.55885     -2.484118         3.10515           3.9765309958      1.02             
1     252393.239        252388.965748     1135173.111       1135170.6919      4.273252          2.4191000001      4.9104712061      1.26             
2     252332.117        252332.117        1136287.275       1136287.275       0.0               0.0               0.0               0.00             
3     288259.585        288257.076322     1210753.816       1210753.23707     2.508678          0.5789300001      2.5746116703      0.66             
4     288124.693        288124.481333     1210239.631       1210236.24433     0.211667          3.3866700002      3.3932781509      0.87             
5     39340.15          39343.8575574     876957.816        876956.425666     -3.7075574        1.390334          3.9596730302      1.02             
6     41056.065         41060.2402826     870682.688        870681.122269     -4.1752826        1.5657309999      4.4592037803      1.15             
7     39802.313         39802.313         879672.0          879671.34096      0.0               0.6590400001      0.6590400001      0.17             
8     44312.301         44316.1230794     873138.806        873135.700561     -3.8220794        3.1054389999      4.9246362629      1.27             
9     24392.676         24396.1023827     783293.617        783290.813596     -3.4263827        2.803404          4.4270952547      1.14             
10    25964.036         25964.036         791195.025        791195.025        0.0               0.0               0.0               0.00             
11    19150.286         19153.0886243     785250.621        785249.0195       -2.8026243        1.6015            3.2279258382      0.83             
12    -31253.261        -31251.6557968    776959.081        776952.018106     -1.6052032        7.062894          7.243006901       1.86             
13    8479.356          8480.93491407     870355.898        870354.669956     -1.57891407       1.228044          2.000265409       0.51             
14    11632.513         11633.6919225     867506.069        867505.676026     -1.1789225        0.3929740001      1.2426933756      0.32             
15    8989.205          8992.98737636     873848.264        873848.083887     -3.78237636       0.180113          3.7866623326      0.97             
16    9962.675          9966.41176329     821435.056        821434.121809     -3.73676329       0.9341909999      3.8517674787      0.99             
17    5244.104          5247.65168346     819264.307        819262.887927     -3.54768346       1.4190730001      3.8209718806      0.98             
18    3874.346          3878.74356807     820123.18         820119.00231      -4.39756807       4.17769           6.0656160995      1.56             

                                                            Sum of Sq. Diff.  162.805790989     124.104206224     286.909997213    
                                                            n = 19                                               
                                                            RMS in X,Y        2.92723860345     2.55573870487    
                                                            RMS               3.88593954779    
                                                            Average Error     3.39597103508    

Control 1 point shapefile : SM2_West_20110525_Checkpoints
Control 2 point shapefile : SM2_West_20110525_Checkpoints_adjusted
Control 1 id field        : New_Name
Control 2 id field        : New_Name
Projection for RMS        : NAD_1983_CORS96_Alaska_Albers
No. of excluded points    : 0
