FID   POINT_X1          POINT_X2          POINT_Y1          POINT_Y2          X_Diff.           Y_Diff.           XY_Diff.          Ratio_to_RMS     
0     330175.316698     330171.507987     1741546.20853     1741543.77095     3.808711          2.4375799999      4.521954858       0.67             
1     160656.938664     160660.960339     1675856.97625     1675859.51625     -4.021675         -2.54             4.7566237822      0.71             
2     167557.990485     167556.297149     1681027.17853     1681027.17853     1.693336          0.0               1.693336          0.25             
3     166459.828851     166465.967197     1672279.29619     1672282.68286     -6.138346         -3.3866700002     7.0106223195      1.04             
4     172155.088389     172150.008379     1661007.47144     1661016.36146     5.08001           -8.89002          10.2390896666     1.52             
5     173729.573139     173731.054809     1645467.06208     1645470.02541     -1.48167          -2.9633299999     3.3131058959      0.49             
6     192597.905334     192596.211998     1649931.24607     1649936.74941     1.693336          -5.5033399998     5.7579630046      0.86             
7     197914.507464     197914.08413      1658196.72796     1658200.11463     0.423334          -3.3866699999     3.413025837       0.51             
8     189014.282373     189015.552375     1684924.09726     1684926.21393     -1.270002         -2.1166700001     2.4684401895      0.37             
9     177081.149208     177082.842545     1689539.71917     1689543.74084     -1.693337         -4.0216700002     4.3636246156      0.65             
10    174447.733095     174438.843078     1685869.80056     1685868.53056     8.890017          1.2699999998      8.9802729502      1.34             
11    188595.411733     188611.498432     1695626.45921     1695641.27591     -16.086699        -14.8167000001    21.8704477231     3.25             
12    199166.529186     199166.529186     1700727.18588     1700727.18588     0.0               0.0               0.0               0.00             
13    204538.776251     204558.249623     1701638.95844     1701658.00848     -19.473372        -19.0500400001    27.2418105319     4.05             
14    210018.656971     210017.810303     1698507.31156     1698509.42823     0.846668          -2.1166699999     2.2797233584      0.34             
15    217503.534214     217506.497553     1694620.38092     1694618.26424     -2.963339         2.11668           3.6416633907      0.54             
16    215651.56122      215654.524559     1695455.76741     1695455.34407     -2.963339         0.42334           2.9934252596      0.45             
17    219306.287131     219304.593795     1686089.68872     1686089.68872     1.693336          0.0               1.693336          0.25             
18    220307.997183     220297.413828     1673554.51986     1673562.56321     10.583355         -8.0433500002     13.292963638      1.98             
19    214948.517572     214946.400901     1663282.93506     1663284.20507     2.116671          -1.2700099999     2.4684451629      0.37             
20    208101.801312     208104.764651     1644146.01513     1644146.43846     -2.963339         -0.4233300001     2.9934238453      0.45             
21    222620.197505     222620.197505     1638071.53997     1638073.02164     0.0               -1.4816699999     1.4816699999      0.22             
22    219418.969231     219420.450901     1636819.09583     1636819.09583     -1.48167          0.0               1.48167           0.22             
23    214452.927495     214453.774164     1630121.65315     1630115.72647     -0.846669         5.9266799998      5.9868509432      0.89             
24    207213.136368     207211.443031     1603563.75689     1603570.31857     1.693337          -6.5616799998     6.7766536443      1.01             
25    238059.209713     238062.173052     1602329.78532     1602328.30365     -2.963339         1.4816700001      3.3131139458      0.49             
26    232858.963743     232861.080414     1600800.02784     1600797.0645      -2.116671         2.96334           3.6416589733      0.54             
27    220941.043861     220948.240542     1601445.35802     1601446.20469     -7.196681         -0.8466700001     7.2463140634      1.08             
28    243758.191387     243756.074716     1594900.88006     1594897.07006     2.116671          3.8100000001      4.3584855309      0.65             
29    242325.656882     242328.831888     1589049.02602     1589047.12102     -3.175006         1.905             3.7026595982      0.55             
30    255715.472966     255718.224638     1581512.44128     1581513.28795     -2.751672         -0.8466700001     2.8789840022      0.43             
31    276056.686925     276067.905281     1591958.12532     1591944.36696     -11.218356        13.7583600001     17.7522950977     2.64             
32    266828.217488     266835.837504     1609381.55545     1609377.11044     -7.620016         4.4450100001      8.8217207925      1.31             
33    249597.127629     249601.360971     1617566.75756     1617566.33423     -4.233342         0.4233300001      4.2544556383      0.63             
34    234826.535661     234830.345669     1629839.75376     1629837.84876     -3.810008         1.905             4.2597166526      0.63             
35    233748.092585     233753.384262     1634969.51099     1634967.60599     -5.291677         1.905             5.624132864       0.84             
36    245550.279292     245550.490959     1644264.95757     1644272.36592     -0.211667         -7.4083499999     7.4113731953      1.10             
37    250374.287839     250384.236192     1656752.84186     1656754.32353     -9.948353         -1.4816699999     10.0580849768     1.50             
38    264304.310596     264306.2156       1660725.96699     1660725.75532     -1.905004         0.2116700001      1.9167275312      0.28             
39    269875.191771     269876.250106     1651733.42453     1651733.00119     -1.058335         0.42334           1.1398639076      0.17             
40    289379.649233     289379.8609       1655586.33998     1655587.60999     -0.211667         -1.2700100001     1.2875279878      0.19             
41    295798.418067     295801.169739     1646221.35811     1646221.56978     -2.751672         -0.2116700001     2.7598012582      0.41             
42    301908.76048      301906.855476     1646985.90761     1646990.56429     1.905004          -4.6566799998     5.0312730855      0.75             
43    305854.544956     305850.946616     1634988.45705     1634991.20872     3.59834           -2.7516699999     4.5298718022      0.67             
44    307236.955205     307232.721864     1624594.91327     1624600.62828     4.233341          -5.7150100002     7.1121385901      1.06             
45    302992.92876      302988.272084     1617222.38786     1617227.46787     4.656676          -5.0800100002     6.8913810641      1.02             
46    308991.260667     308992.954004     1613312.36154     1613309.18654     -1.693337         3.175             3.5983350588      0.53             
47    261328.964889     261326.848218     1638098.4595      1638097.61283     2.116671          0.8466700001      2.2797250298      0.34             
48    343660.336559     343660.97156      1617311.74221     1617309.41387     -0.635001         2.32834           2.4133780113      0.36             
49    358403.828081     358399.594739     1614608.74513     1614612.34347     4.233342          -3.59834          5.5560089313      0.83             
50    339185.466447     339183.561443     1629637.93229     1629637.08562     1.905004          0.8466699999      2.0846799104      0.31             
51    333289.536291     333288.054621     1639535.79031     1639533.67364     1.48167           2.1166700001      2.5837255811      0.38             
52    343819.799718     343815.143042     1638953.68276     1638954.10609     4.656676          -0.4233299999     4.6758784905      0.70             
53    359690.267115     359684.763771     1630716.58938     1630725.26774     5.503344          -8.67836          10.2762214589     1.53             
54    318353.668273     318350.267365     1657171.40119     1657170.2596      3.400908          1.1415899999      3.5873950092      0.53             
55    291890.691093     291890.479426     1667167.55795     1667166.07628     0.211667          1.4816700001      1.4967127006      0.22             
56    278614.739268     278617.702607     1678085.16413     1678084.7408      -2.963339         0.4233299999      2.9934238453      0.45             
57    282330.433381     282329.79838      1681574.46016     1681571.92015     0.635001          2.5400100001      2.6181820163      0.39             
58    299883.114425     299882.69109      1685501.21107     1685499.7294      0.423335          1.4816699999      1.5409602561      0.23             
59    290211.782261     290211.358927     1697246.90803     1697246.06136     0.423334          0.8466700001      0.9466053901      0.14             
60    314406.671559     314405.613223     1687940.89901     1687940.26401     1.058336          0.635             1.2342204377      0.18             
61    316642.532231     316641.050561     1710004.87712     1710002.33712     1.48167           2.54              2.9405689907      0.44             
62    260533.720744     260534.144078     1722024.28885     1722030.21553     -0.423334         -5.92668          5.9417798258      0.88             
63    251309.49997      251309.923304     1694066.79055     1694066.36721     -0.423334         0.42334           0.5986889269      0.09             
64    274502.301965     274503.148634     1705380.95156     1705381.79823     -0.846669         -0.8466700001     1.1973714898      0.18             
65    307715.803163     307714.956494     1729385.70176     1729385.91343     0.846669          -0.2116699999     0.8727270962      0.13             
66    398633.047865     398632.201197     1599251.40126     1599250.55459     0.846668          0.8466699999      1.1973707826      0.18             
67    376923.220049     376920.468376     1597290.48317     1597286.03816     2.751673          4.4450099999      5.2277928611      0.78             
68    381732.080659     381726.577315     1575781.06171     1575780.63838     5.503344          0.4233300001      5.5196017493      0.82             
69    255814.39548      255821.380494     1561078.49193     1561078.0686      -6.985014         0.4233299999      6.9978302972      1.04             

                                                            Sum of Sq. Diff.  1672.17788826     1494.52417909     3166.70206735    
                                                            n = 70                                               
                                                            RMS in X,Y        4.88756130873     4.62064339844    
                                                            RMS               6.72596468636    
                                                            Average Error     4.90129867602    

Control 1 point shapefile : CM3_Pilot_BDL
Control 2 point shapefile : CM3_Pilot_BDL_Adjusted
Control 1 id field        : Id
Control 2 id field        : Id
Projection for RMS        : NAD_1983_CORS96_Alaska_Albers
No. of excluded points    : 0
