FID   POINT_X1          POINT_X2          POINT_Y1          POINT_Y2          X_Diff.           Y_Diff.           XY_Diff.          Ratio_to_RMS     
0     233730.940358     233733.057029     1599691.11853     1599688.57852     -2.116671         2.5400100001      3.3063494859      0.40             
1     238790.817126     238796.532138     1591589.05026     1591590.53193     -5.715012         -1.4816700001     5.9039569908      0.72             
2     229873.403914     229874.885584     1591681.07702     1591678.53701     -1.48167          2.5400099999      2.9405776284      0.36             
3     232266.576089     232269.751096     1578151.74473     1578150.68639     -3.175007         1.05834           3.346752606       0.41             
4     237869.77128      237870.829615     1569214.82352     1569217.36352     -1.058335         -2.5399999998     2.7516673075      0.33             
5     239204.955601     239206.013936     1561369.95158     1561365.92991     -1.058335         4.0216700002      4.1585938204      0.51             
6     223253.250142     223258.965154     1589451.64044     1589453.75712     -5.715012         -2.11668          6.0943987712      0.74             
7     212198.531384     212200.224721     1585413.87559     1585410.70059     -1.693337         3.175             3.5983350588      0.44             
8     212934.470864     212929.814188     1597387.20578     1597394.61412     4.656676          -7.4083400001     8.7503218756      1.06             
9     205090.972849     205083.141167     1596218.73073     1596239.05077     7.831682          -20.3200400001    21.7770353482     2.64             
10    220272.170156     220272.170156     1560734.98356     1560741.7569      0.0               -6.7733399998     6.7733399998      0.82             
11    162762.73952      162763.374521     1400928.65439     1400932.88773     -0.635001         -4.23334          4.280700156       0.52             
12    159231.505214     159234.045219     1397924.2826      1397923.22426     -2.540005         1.05834           2.7516738462      0.33             
13    162783.922488     162784.557489     1404514.09997     1404517.06331     -0.635001         -2.96334          3.0306121866      0.37             
14    166310.689708     166308.36137      1405685.05787     1405685.69288     2.328338          -0.6350100001     2.4133784499      0.29             
15    154021.750596     154018.152255     1393611.62811     1393613.74478     3.598341          -2.1166700001     4.174727517       0.51             
16    162455.010989     162461.149335     1381836.03381     1381849.36884     -6.138346         -13.33503         14.6799971634     1.78             
17    155843.984537     155844.833263     1395449.73356     1395451.44292     -0.848726         -1.70936          1.9084672993      0.23             
18    166186.282715     166181.202705     1393958.18793     1393965.17294     5.08001           -6.9850099999     8.636947742       1.05             
19    168219.69994      168216.948268     1381861.96943     1381874.45779     2.751672          -12.4883599998    12.7879175115     1.55             
20    154924.234954     154923.388285     1386007.42087     1386014.82922     0.846669          -7.4083499999     7.4565741542      0.91             
21    156083.887284     156080.288943     1371602.48422     1371610.73924     3.598341          -8.25502          9.0051881242      1.09             
22    158947.798908     158943.142232     1364789.62657     1364801.26826     4.656676          -11.64169         12.5384838567     1.52             
23    168506.647965     168499.874619     1365016.31722     1365025.63057     6.773346          -9.31335          11.5159326265     1.40             
24    192648.196561     192646.714891     1386691.09758     1386697.23592     1.48167           -6.1383399998     6.3146309427      0.77             
25    192457.091196     192457.726198     1398944.62585     1398928.53915     -0.635002         16.0866999999     16.0992280693     1.96             
26    188589.72873      188586.76539      1390621.5052      1390623.4102      2.96334           -1.905            3.5228410347      0.43             
27    182247.20579      182246.359122     1376647.71927     1376649.83594     0.846668          -2.1166699999     2.2797233584      0.28             
28    197345.41669      197345.840024     1375334.89553     1375337.43554     -0.423334         -2.5400099999     2.5750461113      0.31             
29    195899.165537     195902.128876     1364850.0922      1364845.22386     -2.963339         4.86834           5.6993080619      0.69             
30    181863.816694     181865.734016     1362313.54758     1362314.79684     -1.917322         -1.24926          2.2883999212      0.28             
31    158008.856282     158006.527944     1344483.1023      1344494.53232     2.328338          -11.4300200001    11.6647552501     1.42             
32    120323.066458     120318.848012     1365952.25043     1365958.84478     4.218446          -6.5943499999     7.8282014905      0.95             

                                                            Sum of Sq. Diff.  396.789283701     1840.98211918     2237.77140288    
                                                            n = 33                                               
                                                            RMS in X,Y        3.46755211755     7.46909210981    
                                                            RMS               8.23475892985    
                                                            Average Error     6.75315344746    

Control 1 point shapefile : CM3_South_20110408_BDL
Control 2 point shapefile : CM3_South_20110408_BDL_Adjusted
Control 1 id field        : Id
Control 2 id field        : Id
Projection for RMS        : NAD_1983_CORS96_Alaska_Albers
No. of excluded points    : 0
