FID   POINT_X1          POINT_X2          POINT_Y1          POINT_Y2          X_Diff.           Y_Diff.           XY_Diff.          Ratio_to_RMS     
0     1091577.4631      1091581.92529     1112797.62439     1112807.07129     -4.4621899999     -9.4469000001     10.447729859      1.59             
1     1096845.12827     1096847.50815     1108092.2738      1108099.53888     -2.3798799999     -7.2650799998     7.6449471036      1.16             
2     1099783.24983     1099785.93732     1107436.39969     1107451.97002     -2.6874899999     -15.5703299998    15.8005626103     2.40             
3     1099956.15818     1099958.69818     1107282.64561     1107295.76897     -2.54             -13.1233600001    13.3669060628     2.03             
4     1099786.10895     1099782.93395     1109579.14571     1109582.32072     3.175             -3.1750099999     4.4901351315      0.68             
5     1091580.98452     1091580.56118     1110781.16445     1110790.4778      0.42334           -9.31335          9.3229665331      1.42             
6     1097892.96284     1097897.83118     1102862.45985     1102874.31321     -4.86834          -11.8533600001    12.814167068      1.95             
7     1097936.07801     1097936.92468     1105554.58739     1105571.09743     -0.8466699999     -16.5100400001    16.5317352657     2.51             
8     1091986.26181     1091989.22514     1107678.9776      1107687.02094     -2.9633299999     -8.0433399999     8.5718517861      1.30             
9     1094177.37128     1094179.06462     1114906.75196     1114908.86863     -1.69334          -2.1166699999     2.7106626946      0.41             
10    1099550.32331     1099550.32331     1094397.8048      1094399.0748      0.0               -1.27             1.27              0.19             
11    1062404.10595     1062398.29844     1092864.66572     1092868.61873     5.80751           -3.9530100001     7.0252018093      1.07             
12    1063666.28679     1063663.95845     1094347.73843     1094352.60677     2.32834           -4.86834          5.3964712092      0.82             
13    1064298.75252     1064300.44586     1093629.22315     1093635.14983     -1.69334          -5.92668          6.1638410247      0.94             
14    1067019.49472     1067020.34139     1094172.20239     1094171.35572     -0.8466699999     0.8466699999      1.1973721967      0.18             
15    1069239.0648      1069236.94813     1089275.89055     1089285.41557     2.1166700001      -9.5250200001     9.7573714643      1.48             
16    1066933.79834     1066935.06834     1085481.5609      1085481.5609      -1.27             0.0               1.27              0.19             
17    1067739.00675     1067736.25508     1084843.90975     1084844.96809     2.7516699999      -1.05834          2.9481810229      0.45             
18    1067532.208       1067528.39799     1084801.153       1084804.11634     3.8100100001      -2.96334          4.8267546195      0.73             
19    1067437.16948     1067437.16656     1084745.27289     1084745.25311     0.0029199999      0.01978           0.0199943692      0.00             
20    1066682.33368     1066683.39201     1085837.56826     1085838.20326     -1.0583300001     -0.635            1.2342152929      0.19             
21    1069591.73543     1069592.08227     1081157.89557     1081158.65861     -0.34684          -0.7630400001     0.8381694503      0.13             
22    1074578.41055     1074578.68542     1086952.98171     1086945.49135     -0.2748700001     7.4903599999      7.4954016867      1.14             
23    1099436.29647     1099437.32889     1020663.98704     1020668.4487      -1.0324200001     -4.4616599999     4.5795524903      0.70             
24    1095346.63323     1095347.90323     1031677.32436     1031682.82771     -1.27             -5.50335          5.6479873603      0.86             
25    1098971.20901     1098969.51567     1032898.41203     1032902.64537     1.69334           -4.23334          4.5594482025      0.69             
26    1099871.25767     1099871.68101     1030988.19596     1030998.35598     -0.42334          -10.16002         10.1688358801     1.54             
27    1099226.36866     1099229.33524     1034455.42182     1034459.13005     -2.96658          -3.70823          4.7488489794      0.72             
28    1092945.15585     1092947.89164     1036722.41614     1036724.74156     -2.7357900001     -2.32542          3.5905605553      0.55             
29    1090551.60562     1090557.5323      1037790.79633     1037795.87634     -5.92668          -5.0800099999     7.8058976051      1.19             
30    1087169.50911     1087172.68412     1039800.59772     1039803.13772     -3.1750100001     -2.54             4.0659916995      0.62             
31    1081246.89044     1081248.58377     1039983.28015     1039983.70349     -1.6933299999     -0.42334          1.7454464312      0.27             
32    1079874.99455     1079876.05288     1039970.23357     1039970.86858     -1.0583300001     -0.63501          1.2342204379      0.19             
33    1079012.93058     1079010.39058     1038614.53638     1038614.53638     2.54              0.0               2.54              0.39             
34    1077587.52925     1077594.3026      1042402.46404     1042406.27405     -6.7733500001     -3.81001          7.7713863901      1.18             
35    1073749.99495     1073751.26495     1044264.13334     1044267.52001     -1.27             -3.38667          3.6169647066      0.55             
36    1075215.62516     1075216.23974     1046812.77896     1046814.31541     -0.6145800001     -1.53645          1.6548072936      0.25             
37    1077227.73623     1077229.71676     1048991.10414     1048991.89149     -1.9805300001     -0.7873500001     2.1312951705      0.32             
38    1077093.76862     1077095.03409     1050094.8497      1050094.92879     -1.26547          -0.0790900001     1.2679390952      0.19             
39    1081449.12387     1081450.60554     1051253.21369     1051256.3887      -1.4816699999     -3.1750100001     3.5037172388      0.53             
40    1076670.20527     1076672.32194     1052447.20731     1052448.05398     -2.1166699999     -0.8466700001     2.2797241012      0.35             
41    1094806.85169     1094805.37002     1050714.78031     1050717.32032     1.4816699999      -2.5400099999     2.9405776283      0.45             
42    1097647.00845     1097648.70179     1052106.39902     1052109.36236     -1.69334          -2.96334          3.4130315427      0.52             
43    1095879.29517     1095877.39017     1049832.84005     1049836.22672     1.905             -3.3866699999     3.8856863857      0.59             
44    1084774.23236     1084773.17402     1051276.04847     1051281.97514     1.05834           -5.92667          6.0204236433      0.91             
45    1076506.05117     1076510.70785     1054438.0299      1054441.41657     -4.6566799998     -3.3866699999     5.7579685922      0.87             
46    1099778.69695     1099781.90599     1047735.17501     1047738.76654     -3.2090400001     -3.59153          4.8163290443      0.73             
47    1088885.60292     1088889.83626     1048991.31556     1048993.85556     -4.23334          -2.54             4.9368783209      0.75             

                                                            Sum of Sq. Diff.  355.244754517     1726.02039172     2081.26514624    
                                                            n = 48                                               
                                                            RMS in X,Y        2.72046547226     5.9965621952     
                                                            RMS               6.58480755578    
                                                            Average Error     5.32975327199    

Control 1 point shapefile : JU1_West_20110525_BDL
Control 2 point shapefile : JU1_West_20110525_BDL_Adjusted
Control 1 id field        : Id
Control 2 id field        : Id
Projection for RMS        : NAD_1983_CORS96_Alaska_Albers
No. of excluded points    : 0
