FID   POINT_X1          POINT_X2          POINT_Y1          POINT_Y2          X_Diff.           Y_Diff.           XY_Diff.          Ratio_to_RMS     
0     -258635.544705    -258634.996022    993460.892429     993460.065276     -0.548683         0.827153          0.9925901067      0.20             
1     -256789.428247    -256788.761366    994857.978492     994856.330902     -0.666881         1.6475900001      1.7774372216      0.35             
2     -259831.403292    -259829.878792    987109.344183     987107.590332     -1.5245           1.753851          2.3238101429      0.46             
3     -432865.201536    -432863.719866    1215843.24079     1215843.55829     -1.48167          -0.3175000001     1.5153059886      0.30             
4     -434192.432209    -434191.310373    1216411.4804      1216411.43807     -1.121836         0.0423300001      1.1226343304      0.22             
5     -432441.683382    -432441.598715    1209321.43232     1209322.53299     -0.084667         -1.1006700001     1.1039216231      0.22             
6     -429579.097154    -429582.166327    1228987.22011     1228993.14678     3.069173          -5.92667          6.6742220665      1.33             
7     -406349.696728    -406350.120062    1223933.63617     1223935.96451     0.423334          -2.32834          2.3665119546      0.47             
8     -406834.285043    -406835.385712    1219484.89925     1219484.85691     1.100669          0.0423399999      1.1014830562      0.22             
9     -400275.891529    -400277.288532    1228670.65177     1228672.68377     1.397003          -2.0319999999     2.4658956551      0.49             
10    -416033.284348    -416036.290021    1226296.52448     1226305.07583     3.005673          -8.5513500001     9.0641964347      1.80             
11    -421532.834734    -421539.142413    1215989.51582     1215996.09866     6.307679          -6.5828399998     9.1170497876      1.82             
12    -420194.141679    -420198.586688    1216100.84863     1216106.45781     4.445009          -5.6091800001     7.1568851663      1.43             
13    -408545.589033    -408551.409878    1243053.53687     1243062.21522     5.820845          -8.6783499999     10.4496887626     2.08             
14    -180474.479506    -180472.616835    969851.87464      969851.916974     -1.862671         -0.042334         1.8631520125      0.37             
15    -181493.16217     -181492.950503    967634.895495     967636.482998     -0.211667         -1.587503         1.6015519642      0.32             

                                                            Sum of Sq. Diff.  125.26861051      278.224188096     403.492798605    
                                                            n = 16                                               
                                                            RMS in X,Y        2.79808651704     4.17001339998    
                                                            RMS               5.02178254336    
                                                            Average Error     3.7935210171     

Control 1 point shapefile : \\Fs01\DSAN11\J-UAK2-11-001\QC\Geometric\accuracy\BDL\SM1_20110525_BDL.shp
Control 2 point shapefile : \\Fs01\DSAN11\J-UAK2-11-001\QC\Geometric\accuracy\BDL\SM1_20110525_BDL_Adjusted.shp
Control 1 id field        : Id
Control 2 id field        : Id
Projection for RMS        : NAD_1983_CORS96_Alaska_Albers
No. of excluded points    : 0
