FID   POINT_X1          POINT_X2          POINT_Y1          POINT_Y2          X_Diff.           Y_Diff.           XY_Diff.          Ratio_to_RMS     
0     430.898828637     434.179668532     837117.653566     837111.938555     -3.280839895      5.7150110001      6.5897846056      1.55             
1     124.862474496     128.037480846     836335.846124     836333.517786     -3.17500635       2.328338          3.9372354724      0.92             
2     754.887078019     758.697085639     834359.423016     834356.036342     -3.81000762       3.386674          5.0976189389      1.20             
3     1185.12408708     1188.72242761     837028.820239     837024.904398     -3.59834053       3.915841          5.3180696975      1.25             
4     744.449439413     746.777777403     837987.876058     837985.018552     -2.32833799       2.857506          3.685986752       0.86             
5     -10595.100678     -10595.100678     770903.661649     770902.49748      0.0               1.164169          1.164169          0.27             
6     -10684.4015202    -10684.1898531    771505.863951     771505.017283     -0.2116671        0.846668          0.8727254227      0.20             
7     -11587.4992643    -11587.4992643    769874.692111     769872.892941     0.0               1.7991699999      1.7991699999      0.42             
8     -12277.3776224    -12271.4509439    769301.903922     769302.009755     -5.9266785        -0.105833         5.9276233573      1.39             
9     59108.6274306     59111.3791027     860253.716363     860253.504696     -2.7516721        0.211667          2.7598011278      0.65             
10    59877.5418645     59879.2352012     874357.936179     874358.147846     -1.6933367        -0.2116670001     1.7065146054      0.40             
11    49488.9210954     49493.1544372     878607.74505      878605.205045     -4.2333418        2.5400050001      4.9368824369      1.16             
12    39671.3577093     39672.3102112     878122.499591     878122.076257     -0.9525019        0.4233340001      1.0423394577      0.24             
13    43930.6021746     43935.2588506     875591.006714     875589.948379     -4.656676         1.0583350001      4.7754271371      1.12             
14    79467.3794923     79470.3428316     945043.888651     945045.581988     -2.9633393        -1.693337         3.4130294465      0.80             
15    79491.2466568     79490.1883213     942774.83998      942777.591652     1.0583355         -2.7516719999     2.9481812742      0.69             
16    76420.393328      76419.8641603     940302.468425     940301.304256     0.5291677         1.164169          1.278791584       0.30             
17    97044.6713177     97040.4379759     961184.301968     961189.381978     4.2333418         -5.08001          6.6126911614      1.55             
18    83895.1883336     83895.1883336     961337.125808     961341.994151     0.0               -4.8683430001     4.8683430001      1.14             
19    79642.9161711     79642.2811699     956003.869254     956005.774258     0.6350012         -1.9050039999     2.0080504883      0.47             
20    252929.594276     252929.594276     1128546.94862     1128543.56195     0.0               3.3866699999      3.3866699999      0.79             
21    252325.344594     252323.227923     1132085.22808     1132083.74641     2.116671          1.4816700001      2.5837264003      0.61             
22    252393.632557     252392.045054     1133767.32993     1133767.32993     1.587503          0.0               1.587503          0.37             
23    254140.162861     254141.432864     1139890.12684     1139887.26933     -1.270003         2.85751           3.1270227086      0.73             
24    251598.086731     251596.28756      1138968.88328     1138970.36495     1.799171          -1.4816700001     2.3307428594      0.55             
25    257805.279311     257804.961811     1130952.99758     1130950.88091     0.3175            2.1166699999      2.1403500037      0.50             
26    255616.483962     255615.637294     1136009.17479     1136008.53979     0.846668          0.635             1.0583344         0.25             
27    253584.21738      253582.841544     1137102.01981     1137100.4323      1.375836          1.58751           2.1007409881      0.49             
28    281315.714622     281317.302125     1211640.3377      1211640.76103     -1.587503         -0.4233299999     1.6429771952      0.39             
29    280586.15518      280587.742683     1211658.74594     1211659.06345     -1.587503         -0.31751          1.6189435985      0.38             
30    322258.017186     322264.684699     1329532.24758     1329534.57592     -6.667513         -2.32834          7.0623577338      1.66             
31    321458.532872     321464.036216     1327991.65455     1327995.67623     -5.503344         -4.02168          6.8162090054      1.60             
32    340257.191223     340264.493738     1331225.07218     1331225.81302     -7.302515         -0.7408400001     7.339997904       1.72             
33    347121.125524     347130.544709     1336796.64645     1336793.68311     -9.419185         2.9633399998      9.8743318771      2.32             

                                                            Sum of Sq. Diff.  404.749902527     213.777389735     618.527292261    
                                                            n = 34                                               
                                                            RMS in X,Y        3.45027664077     2.50750279886    
                                                            RMS               4.26520564383    
                                                            Average Error     3.62977478352    

Control 1 point shapefile : \\Fs01\DSAN11\J-UAK2-11-001\QC\Geometric\accuracy\BDL\SM2_West_20110525_BDL.shp
Control 2 point shapefile : \\Fs01\DSAN11\J-UAK2-11-001\QC\Geometric\accuracy\BDL\SM2_West_20110525_BDL_Adjusted.shp
Control 1 id field        : Id
Control 2 id field        : Id
Projection for RMS        : NAD_1983_CORS96_Alaska_Albers
No. of excluded points    : 0
